start=4853.182000
volume=80.000000
sid=1
sub-pos=99
sub-scale=0.800000
