start=2555.595000
volume=92.000000
sid=1
sub-pos=99
sub-scale=0.700000
