start=2464.280000
volume=102.000000
sid=1
sub-pos=99
sub-scale=0.700000
