start=4391.345000
volume=96.000000
sid=1
sub-pos=98
sub-scale=0.800000
