start=2045.001000
sub-scale=0.800000
