start=2540.329000
volume=70.000000
sid=1
sub-scale=0.700000
