start=613.500000
sid=1
sub-pos=91
sub-scale=0.700000
