start=3776.940000
sid=1
sub-pos=99
sub-scale=0.800000
