start=2556.429000
volume=86.000000
sid=1
sub-pos=99
sub-scale=0.700000
