start=2441.064000
volume=104.000000
sid=3
sub-pos=99
sub-scale=0.800000
