start=2558.327000
sid=1
sub-scale=0.800000
