start=2559.829000
volume=112.000000
ontop=yes
sid=1
sub-pos=99
sub-scale=0.800000
