start=2563.561000
volume=94.000000
sid=1
sub-pos=99
sub-scale=0.700000
