start=2549.569000
volume=88.000000
sid=1
sub-pos=99
sub-scale=0.800000
