start=2524.689000
panscan=0.000000
sid=1
sub-pos=99
sub-scale=0.700000
