start=2546.502292
volume=80.000000
saturation=4
sub-scale=0.700000
