start=2550.778000
volume=98.000000
sid=1
sub-pos=98
sub-scale=0.800000
