start=2536.576000
volume=90.000000
sid=1
sub-pos=99
sub-scale=0.700000
