start=2535.950000
fullscreen=yes
sid=1
sub-pos=99
sub-scale=0.700000
