start=32.920000
volume=88.000000
