start=469.219000
sid=1
sub-pos=99
sub-scale=0.700000
