start=2539.870667
volume=78.000000
sub-scale=0.700000
