start=2558.306000
volume=102.000000
sid=3
sub-pos=98
sub-scale=0.800000
