start=2412.960000
sid=1
sub-pos=99
sub-scale=0.700000
