start=2525.481000
volume=108.000000
sid=1
sub-delay=1.000000
sub-pos=99
sub-scale=0.700000
