start=1871.286000
pause=yes
volume=98.000000
sid=3
sub-pos=98
sub-scale=0.800000
