start=4601.514000
volume=84.000000
sid=1
sub-pos=99
sub-scale=0.800000
