start=2564.834000
volume=108.000000
sid=1
sub-scale=0.800000
