start=2568.315750
volume=66.000000
sub-scale=0.800000
