start=2563.958000
volume=86.000000
sid=1
sub-pos=99
sub-scale=0.800000
