start=4875.496000
volume=78.000000
sid=1
sub-delay=0.000000
sub-pos=98
sub-scale=0.800000
