start=2449.400000
volume=88.000000
sid=1
sub-delay=-0.700000
sub-pos=99
sub-scale=0.700000
