start=3378.208000
volume=68.000000
fullscreen=yes
ontop=yes
sid=1
sub-scale=0.700000
