start=2551.507292
volume=114.000000
sub-scale=0.700000
