start=3445.316875
volume=102.000000
fullscreen=yes
sid=1
sub-pos=101
sub-scale=0.800000
