start=2561.414000
volume=76.000000
sid=1
sub-pos=99
sub-scale=0.800000
