start=7203.362833
volume=96.000000
sub-pos=90
sub-scale=0.600000
