start=2912.701000
pause=yes
volume=102.000000
sid=1
sub-scale=0.800000
