start=5098.635208
sid=1
sub-pos=99
sub-scale=0.700000
