start=2517.265000
volume=68.000000
sid=1
sub-scale=0.700000
