start=2572.967000
volume=110.000000
sid=1
sub-scale=0.800000
