start=2502.417000
volume=112.000000
sid=3
sub-pos=98
sub-scale=0.800000
