start=2551.466000
volume=74.000000
sid=1
sub-pos=99
sub-scale=0.700000
