start=2448.571125
volume=58.000000
saturation=4
sub-scale=0.700000
