start=2545.501000
volume=88.000000
sid=1
sub-pos=99
sub-scale=0.700000
