start=2437.560000
volume=74.000000
panscan=0.000000
sid=1
sub-delay=0.300000
sub-scale=0.700000
sub-ass-override=no
