start=2188.374000
volume=96.000000
sid=1
sub-scale=0.800000
