start=2574.886000
volume=94.000000
sid=1
sub-pos=98
sub-scale=0.800000
