start=896.812583
pause=yes
volume=74.000000
sid=1
sub-scale=0.700000
