start=1860.714000
pause=yes
volume=110.000000
sid=1
sub-pos=98
sub-scale=0.800000
