start=2427.800000
volume=88.000000
sid=1
sub-pos=99
sub-scale=0.700000
