start=2545.648000
volume=92.000000
sid=1
sub-pos=98
sub-scale=0.800000
