start=2551.279000
volume=106.000000
sid=1
sub-pos=98
sub-scale=0.800000
