start=2539.934000
volume=110.000000
sid=1
sub-pos=98
sub-scale=0.800000
