start=2560.808000
volume=104.000000
sid=4
sub-pos=98
sub-scale=0.800000
