start=1170.880000
volume=88.000000
sid=1
sub-pos=98
sub-scale=0.700000
