start=164.497667
sub-scale=0.800000
