start=2549.694000
volume=90.000000
sid=1
sub-pos=98
sub-scale=0.800000
