start=2563.583000
pause=yes
volume=122.000000
sid=1
sub-scale=0.800000
