start=2559.620000
volume=84.000000
sid=1
sub-pos=98
sub-scale=0.800000
