start=2561.141917
volume=68.000000
sub-scale=0.700000
