start=5053.840000
volume=76.000000
sid=1
sub-pos=98
sub-scale=0.800000
