start=2566.043000
volume=96.000000
sid=1
sub-pos=99
sub-scale=0.800000
