start=2528.568000
volume=64.000000
sid=1
sub-scale=0.700000
