start=2455.440000
volume=68.000000
sid=1
sub-pos=99
sub-scale=0.700000
