start=2564.917000
volume=92.000000
sid=1
sub-scale=0.800000
