start=2557.201000
sid=1
sub-pos=98
sub-scale=0.800000
