start=2547.503292
volume=70.000000
sub-scale=0.800000
