start=2451.640000
volume=78.000000
sid=1
sub-pos=99
sub-scale=0.700000
