start=2546.232000
volume=90.000000
sid=1
sub-pos=99
sub-scale=0.800000
