start=2458.320000
contrast=2
sid=1
sub-pos=99
sub-scale=0.700000
