start=2574.510000
volume=86.000000
sid=1
sub-pos=98
sub-scale=0.800000
