start=2636.781000
volume=82.000000
sid=1
sub-pos=99
sub-scale=0.800000
