start=2577.157917
volume=90.000000
sub-scale=0.700000
