start=4898.894000
volume=66.000000
sid=1
sub-pos=98
sub-scale=0.800000
